
 # [[2, 2], [1, 1], [2, 2], [1, 1], [1, 1], [3, 3], [3, 3]]

matrix1 = [[20, 20, 20, 20],
           [20, 20, 20, 20],
           [20, 20, 69, 20],
           [0, 20, 20, 0]]

matrix2 = [[0, 20, 0],
           [20, 69, 20],
           [0, 20, 0]]

matrix3 = [[0, 20, 20, 20, 0],
           [20, 20, 20, 20, 20],
           [20, 20, 69, 20, 20],
           [20, 20, 20, 20, 20],
           [0, 20, 20, 20, 0], ]

matrix4 = [[20, 20, 20],
           [20, 69, 20],
           [20, 20, 20]]

matrix5 = [[20, 20, 0],
           [20, 69, 20],
           [0, 20, 20]]

matrix6 = [[0, 0, 20, 20, 20, 0, 0],
           [0, 0, 20, 20, 20, 20, 0],
           [0, 20, 20, 20, 20, 20, 20],
           [0, 20, 20, 69, 20, 20, 20],
           [20, 20, 20, 20, 20, 20, 20],
           [20, 20, 20, 20, 20, 20, 20],
           [0, 20, 20, 20, 20, 20, 20],]

matrix7 = [[0, 20, 20, 20, 0, 0, 0],
           [0, 20, 20, 20, 20, 0, 0],
           [0, 20, 20, 20, 20, 20, 0],
           [0, 20, 20, 69, 20, 20, 0],
           [20, 20, 20, 20, 20, 20, 20],
           [20, 20, 20, 20, 20, 20, 20],
           [20, 20, 20, 20, 20, 20, 20],]

